image_width: 640
image_height: 480
camera_name: camera_left
camera_matrix:
  rows: 3
  cols: 3
  data: [276.79674, 0.0, 322.08643, 0.0, 277.26653, 267.3384, 0.0, 0.0, 1.0]
distortion_model: plumb_bob
distortion_coefficients:
  rows: 1
  cols: 5
  data: [0.05997, -0.048041, 0.003257, -3.5e-05, 0.0]
rectification_matrix:
  rows: 3
  cols: 3
  data: [1.0, 0.0, 0.0, 0.0, 1.0, 0.0, 0.0, 0.0, 1.0]
projection_matrix:
  rows: 3
  cols: 4
  data: [276.36423, 0.0, 322.58161, 0.0, 0.0, 280.6297, 270.27494, 0.0, 0.0, 0.0,
    1.0, 0.0]
