image_width: 640
image_height: 480
camera_name: camera_right
camera_matrix:
  rows: 3
  cols: 3
  data: [273.42388,   0.     , 316.51611,
           0.     , 276.19485, 207.17468,
           0.     ,   0.     ,   1.     ]
distortion_model: plumb_bob
distortion_coefficients:
  rows: 1
  cols: 5
  data: [0.031621, -0.036262, -0.001306, -0.006055, 0.000000]
rectification_matrix:
  rows: 3
  cols: 3
  data: [1., 0., 0.,
         0., 1., 0.,
         0., 0., 1.]
projection_matrix:
  rows: 3
  cols: 4
  data: [272.99664,   0.     , 316.02154,   0.     ,
           0.     , 277.03198, 205.34775,   0.     ,
           0.     ,   0.     ,   1.     ,   0.     ]
